tphl=6.57263123802e-10 FROM 1.50000001196e-12 TO 6.58763123814e-10
tplh=7.30036187451e-09 FROM 2.5020000278e-09 TO 9.80236190232e-09