tphl=6.22249e-10 FROM 1.5e-12 TO 6.23749e-10
tplh=6.67535e-09 FROM 1.00025e-08 TO 1.66778e-08