tplh_s=-1.00049933569e-09 FROM 1.00050000001e-09 TO 6.64321502429e-16
tphl_s=-1.00042495761e-09 FROM 1.00050000001e-09 TO 7.50424028943e-14
tplh_c=-1.00049942361e-09 FROM 1.00050000001e-09 TO 5.76405092657e-16
tphl_c=-1.00033555088e-09 FROM 1.00050000001e-09 TO 1.64449129034e-13
etotal: INTEG(V(vdd)*I(VDD))=-6.86134297059e-12 FROM 0 TO 8e-08
pavg: 'Etotal/80n'=-8.57667871324e-05